pve2-node/home3:499::1687518972:0.23:8:0.0116351807831853:0:12430053376:10633289728:3892310016:0:27039076352:17109106688:67141870:10653034
pve2.3-vm/101:254:media-server:running:0:1687518962:2:0.132442075303951:6442450944:1819009024:37580963840:0:307846164:8901512:990380544:471098368
pve2-node/home2:271::1687518962:0.37:8:0.0411455727863932:0.00087543771885943:10316120064:3924500480:7918841856:43515904:54568538112:52386189312:315528112:12635004
pve2.3-vm/107:680:k0s:running:0:1687518964:2:0:2147483648:21426176:4143677440:3912155136:2748087:26362:404537344:651264
pve2-storage/home2/local:1687518962:54568538112:52386189312
pve2-node/home1:1034854::1687518967:0.82:8:0.061705074927591:0.000755572346052134:16465526784:12201463808:8589930496:798228480:242725523456:75502125056:302384220326:60242848122
pve2.3-vm/100:484:turel-nass:running:0:1687518972:7:0.00598530068747484:10737418240:8511110629:34359738368:0:59713848:1762266:158638404:5750784
pve2.3-vm/105:1034809:haos9.3:running:0:1687518967:6:0.0598499344887258:9663676416:8616558592:42949672960:0:284715498095:45233484599:14087377408:365426326528
pve2.3-vm/104:250:workflows-server:running:0:1687518962:1:0.00258900499520858:536870912:348418048:10464022528:5105532928:969822:36124:2147762176:148426752
pve2-storage/home3/local:1687518972:27039076352:17109106688
pve2-storage/home4/local:1687518964:56292175872:9803542528
pve2-node/home4:697::1687518964:0.86:8:0.0034917071954109:0.0516273849607183:6100795392:1435959296:6098513920:0:56292175872:9803542528:14698615:16330930
pve2.3-vm/103:1034811:swag-server:running:0:1687518967:1:0.00746050257920681:536870912:370880512:6261669888:4817379328:3654045840:1285900719:45499437056:16478126080
pve2.3-vm/106:1034805:monitor-server:running:0:1687518967:2:0.0471006396167256:2147483648:1035247616:8907059200:6531801088:5035318401:2181781509:40823996416:67212783616
pve2-storage/home1/local:1687518967:242725523456:75502125056
